5
1
2
6 1 3 5 0 -1
7 2 1 5 0 3
tilted_haar_x3
-1.174637e-002 0 -1
7.168456e-001 -3.944364e-001 
1
2
16 5 3 1 0 -1
17 6 1 1 0 3
tilted_haar_y3
-3.250704e-003 0 -1
-5.492472e-001 1.512822e-001 
1
2
8 5 1 3 0 -1
7 6 1 1 0 3
tilted_haar_y3
-6.928788e-004 0 -1
-9.681240e-001 3.159111e-001 
1
2
16 0 3 15 0 -1
17 1 1 15 0 3
tilted_haar_y3
2.105062e-002 0 -1
-2.904661e-001 3.064194e-001 
1
3
4 19 14 4 0 -1
4 19 7 2 0 2
11 21 7 2 0 2
haar_x2_y2
-7.356796e-003 0 -1
4.508430e-001 -7.793565e-001 
-4.673956e-001

8
-1
